1-1_s001.png (512,512,4) 1
1-1_s002.png (512,512,4) 1
1-1_s003.png (512,512,4) 1
1-1_s004.png (512,512,4) 1
1-1_s005.png (512,512,4) 1
1-1_s006.png (512,512,4) 1
1-1_s007.png (512,512,4) 1
1-1_s008.png (512,512,4) 1
1-1_s009.png (512,512,4) 1
1-1_s010.png (512,512,4) 1
1-1_s011.png (512,512,4) 1
1-1_s012.png (512,512,4) 1
2-1_s001.png (512,512,4) 1
2-1_s002.png (512,512,4) 1
2-1_s003.png (512,512,4) 1
2-1_s004.png (512,512,4) 1
2-1_s005.png (512,512,4) 1
2-1_s006.png (512,512,4) 1
2-1_s007.png (512,512,4) 1
2-1_s008.png (512,512,4) 1
2-1_s009.png (512,512,4) 1
2-1_s010.png (512,512,4) 1
2-1_s011.png (512,512,4) 1
2-1_s012.png (512,512,4) 1
3-1_s001.png (512,512,4) 1
3-1_s002.png (512,512,4) 1
3-1_s003.png (512,512,4) 1
3-1_s004.png (512,512,4) 1
3-1_s005.png (512,512,4) 1
3-1_s006.png (512,512,4) 1
3-1_s007.png (512,512,4) 1
3-1_s008.png (512,512,4) 1
3-1_s009.png (512,512,4) 1
3-1_s010.png (512,512,4) 1
3-1_s011.png (512,512,4) 1
3-1_s012.png (512,512,4) 1
4-1_s001.png (512,512,4) 1
4-1_s002.png (512,512,4) 1
4-1_s003.png (512,512,4) 1
4-1_s004.png (512,512,4) 1
4-1_s005.png (512,512,4) 1
4-1_s006.png (512,512,4) 1
4-1_s007.png (512,512,4) 1
4-1_s008.png (512,512,4) 1
4-1_s009.png (512,512,4) 1
4-1_s010.png (512,512,4) 1
4-1_s011.png (512,512,4) 1
4-1_s012.png (512,512,4) 1
5-1_s001.png (512,512,4) 1
5-1_s002.png (512,512,4) 1
5-1_s003.png (512,512,4) 1
5-1_s004.png (512,512,4) 1
5-1_s005.png (512,512,4) 1
5-1_s006.png (512,512,4) 1
5-1_s007.png (512,512,4) 1
5-1_s008.png (512,512,4) 1
5-1_s009.png (512,512,4) 1
5-1_s010.png (512,512,4) 1
5-1_s011.png (512,512,4) 1
5-1_s012.png (512,512,4) 1
6-1_s001.png (512,512,4) 1
6-1_s002.png (512,512,4) 1
6-1_s003.png (512,512,4) 1
6-1_s004.png (512,512,4) 1
6-1_s005.png (512,512,4) 1
6-1_s006.png (512,512,4) 1
6-1_s007.png (512,512,4) 1
6-1_s008.png (512,512,4) 1
6-1_s009.png (512,512,4) 1
6-1_s010.png (512,512,4) 1
6-1_s011.png (512,512,4) 1
6-1_s012.png (512,512,4) 1
7-1_s001.png (512,512,4) 1
7-1_s002.png (512,512,4) 1
7-1_s003.png (512,512,4) 1
7-1_s004.png (512,512,4) 1
7-1_s005.png (512,512,4) 1
7-1_s006.png (512,512,4) 1
7-1_s007.png (512,512,4) 1
7-1_s008.png (512,512,4) 1
7-1_s009.png (512,512,4) 1
7-1_s010.png (512,512,4) 1
7-1_s011.png (512,512,4) 1
7-1_s012.png (512,512,4) 1
8-1_s001.png (512,512,4) 1
8-1_s002.png (512,512,4) 1
8-1_s003.png (512,512,4) 1
8-1_s004.png (512,512,4) 1
8-1_s005.png (512,512,4) 1
8-1_s006.png (512,512,4) 1
8-1_s007.png (512,512,4) 1
8-1_s008.png (512,512,4) 1
8-1_s009.png (512,512,4) 1
8-1_s010.png (512,512,4) 1
8-1_s011.png (512,512,4) 1
8-1_s012.png (512,512,4) 1
9-1_s001.png (512,512,4) 1
9-1_s002.png (512,512,4) 1
9-1_s003.png (512,512,4) 1
9-1_s004.png (512,512,4) 1
9-1_s005.png (512,512,4) 1
9-1_s006.png (512,512,4) 1
9-1_s007.png (512,512,4) 1
9-1_s008.png (512,512,4) 1
9-1_s009.png (512,512,4) 1
9-1_s010.png (512,512,4) 1
9-1_s011.png (512,512,4) 1
9-1_s012.png (512,512,4) 1
